h#	531	1574	2588	3611
h#	579	1616	2585	3583
h#	588	1643	2554	3589
h#	705	1657	2536	3655
h#	813	1659	2530	3791
h#	924	1651	2533	3829
h#	929	1635	2542	3933
h#	915	1613	2555	4150
h#	957	1587	2570	4221
h#	928	1557	2583	4180
h#	961	1527	2593	4183
h#	971	1498	2596	4237
h#	921	1472	2591	4227
h#	929	1449	2574	4173
f	961	1422	2544	4105
f	941	1384	2502	4163
f	898	1326	2451	4071
f	755	1244	2393	4057
l	707	1156	2333	4240
l	471	1091	2272	4450
l	471	1061	2215	4451
l	504	1060	2165	4541
l	514	1081	2126	4664
ay	547	1119	2101	4761
ay	579	1166	2094	4890
ay	601	1217	2102	4902
ay	657	1268	2123	4882
ay	683	1315	2151	4905
ay	666	1355	2184	4980
ay	695	1382	2217	4984
ay	709	1394	2247	5058
ay	764	1392	2271	5045
ay	796	1385	2288	4952
ay	753	1386	2300	4938
ay	688	1404	2310	5047
ay	634	1451	2320	5029
ay	624	1526	2331	4962
ay	579	1616	2346	4972
ay	543	1704	2364	4992
ay	460	1775	2384	4933
ay	441	1822	2405	4896
ay	395	1850	2424	4882
ay	370	1862	2442	4809
ay	341	1863	2456	4556
s	372	1859	2465	4447
s	330	1850	2470	4405
s	442	1839	2469	4400
s	433	1827	2464	4389
s	453	1816	2454	4435
s	461	1803	2438	4463
s	445	1784	2417	4444
s	489	1756	2390	4311
s	509	1713	2357	4137
s	511	1653	2318	3956
s	500	1570	2274	3763
s	575	1467	2227	3637
s	679	1355	2180	3573
s	705	1249	2135	3539
epi	641	1155	2095	3601
epi	529	1065	2061	3679
epi	563	968	2034	3612
w	514	865	2012	3657
w	463	772	1994	3640
w	452	705	1980	3675
w	449	672	1969	3637
w	406	668	1961	3579
w	406	686	1954	3504
w	428	718	1947	3530
w	449	759	1941	3537
ao	460	800	1933	3578
ao	504	837	1925	3629
ao	514	869	1916	3638
ao	644	898	1906	3726
ao	644	926	1895	3788
ao	644	953	1883	3812
ao	677	982	1870	3817
ao	644	1015	1857	3726
ao	655	1050	1843	3607
r	644	1085	1831	3543
r	655	1117	1823	3514
r	644	1142	1822	3427
r	644	1158	1830	3357
r	670	1164	1846	3355
r	634	1162	1870	3464
r	644	1159	1900	3630
m	612	1157	1935	3815
m	360	1161	1974	3900
m	339	1172	2017	3869
m	290	1190	2062	3952
m	308	1214	2110	4002
m	339	1246	2162	4045
dcl	380	1281	2216	4100
dcl	519	1307	2262	4153
ix	509	1313	2281	4310
ix	529	1294	2257	4422
ix	531	1258	2173	4369
ix	539	1216	2026	4366
ix	527	1173	1866	4292
r	503	1131	1744	4249
r	459	1093	1676	4242
r	434	1061	1657	4279
r	442	1039	1663	4213
r	459	1028	1669	4215
r	463	1030	1669	4261
r	519	1046	1670	4254
aw	583	1079	1678	4252
aw	579	1128	1701	4246
aw	667	1186	1745	4317
aw	579	1243	1804	4414
aw	558	1292	1868	4477
aw	558	1327	1928	4605
aw	579	1348	1974	4717
aw	558	1357	2006	4842
aw	547	1355	2029	4888
aw	558	1342	2045	4956
aw	547	1320	2059	4978
aw	558	1289	2074	4994
aw	558	1249	2091	4966
aw	547	1203	2108	4990
aw	569	1153	2125	5116
aw	590	1105	2143	5197
aw	493	1065	2160	5283
n	590	1040	2176	5197
n	400	1032	2191	5035
n	355	1040	2206	4907
n	348	1061	2219	4743
n	385	1092	2232	4646
dh	440	1128	2244	4611
dh	449	1166	2256	4499
ix	426	1202	2268	4434
ix	426	1230	2279	4356
ix	437	1247	2291	4288
bcl	355	1252	2302	4333
bcl	331	1248	2313	4306
bcl	349	1236	2323	4298
bcl	378	1219	2334	4337
bcl	390	1199	2344	4323
bcl	405	1177	2353	4219
b	474	1155	2363	4206
b	523	1132	2372	4226
ow	565	1110	2381	4244
ow	581	1088	2389	4273
ow	525	1067	2398	4234
ow	525	1046	2406	4170
ow	482	1027	2414	4123
ow	493	1009	2421	4135
ow	460	994	2428	4091
ow	460	980	2435	4008
ow	428	969	2441	3875
ow	439	961	2446	3791
ow	439	956	2450	3817
ow	439	953	2452	3833
ow	449	951	2453	3891
ow	417	950	2453	3950
ow	439	947	2450	3967
ow	417	943	2446	3958
ow	417	936	2440	3900
l	469	926	2433	3887
l	428	911	2426	3824
l	428	894	2417	3804
l	445	882	2409	3763
l	454	879	2400	3743
ax	439	890	2392	3738
ax	471	921	2385	3752
ax	524	976	2380	3740
ax	471	1055	2375	3712
ax	460	1141	2373	3744
v	471	1217	2372	3756
v	429	1267	2373	3772
v	414	1289	2374	3771
v	454	1288	2375	3727
v	535	1270	2374	3641
v	635	1241	2370	3574
v	628	1208	2364	3527
v	560	1178	2356	3645
l	490	1160	2347	3808
l	399	1159	2339	3914
l	347	1179	2333	3896
l	317	1214	2329	3968
l	343	1259	2328	3948
l	381	1310	2332	4032
eh	495	1362	2341	4073
eh	543	1411	2354	3987
eh	569	1455	2371	3973
eh	566	1493	2390	4006
eh	564	1524	2410	4031
eh	534	1547	2429	4093
eh	542	1561	2446	4059
eh	470	1567	2461	4009
n	416	1567	2472	4086
n	367	1563	2481	4165
n	327	1556	2486	4142
n	469	1549	2490	4229
tcl	522	1542	2491	4309
tcl	520	1534	2490	4239
tcl	569	1525	2487	4220
tcl	627	1511	2482	4243
t	654	1493	2475	4286
t	603	1467	2466	4191
t	648	1434	2453	4044
t	648	1395	2437	3900
t	639	1353	2419	3751
t	678	1309	2399	3649
el	660	1266	2378	3606
el	577	1226	2358	3624
el	585	1190	2339	3640
el	504	1159	2321	3639
el	504	1130	2307	3672
el	471	1104	2297	3734
el	460	1080	2293	3831
el	482	1057	2295	3958
el	460	1035	2305	4029
el	482	1013	2324	4148
el	449	993	2353	4119
el	449	977	2393	4109
el	439	965	2442	4140
el	439	960	2491	4167
el	439	963	2534	4218
el	471	973	2563	4152
el	504	992	2570	4173
z	516	1016	2548	4268
z	563	1044	2491	4391
z	609	1077	2414	4433
z	627	1111	2347	4425
z	661	1145	2318	4466
z	636	1180	2320	4445
z	579	1214	2321	4294
z	453	1253	2290	4267
z	383	1296	2215	4317
ix	444	1348	2142	4307
ix	461	1411	2119	4400
ix	480	1487	2140	4424
ix	471	1573	2184	4355
ix	506	1655	2232	4398
ix	541	1719	2267	4314
ix	553	1758	2285	4214
ix	493	1771	2295	4174
ix	475	1755	2305	4194
n	361	1708	2309	4205
n	319	1634	2301	4212
n	312	1537	2276	4194
n	423	1425	2241	4228
w	474	1302	2216	4219
w	460	1173	2216	4175
w	428	1046	2232	4126
w	432	929	2251	4135
w	444	840	2258	4087
w	447	796	2251	4110
w	438	799	2234	4205
w	446	824	2210	4209
w	486	842	2186	4191
w	449	840	2172	4052
w	450	889	2180	4158
ih	491	1055	2213	4140
ih	485	1246	2255	4159
ih	493	1406	2292	4024
ih	466	1558	2327	3941
ih	437	1711	2367	3973
ih	404	1846	2413	4048
tcl	388	1945	2462	4017
tcl	322	1993	2500	4062
tcl	346	2002	2521	4067
ch	477	1986	2530	4205
ch	610	1961	2536	4310
ch	665	1943	2537	4353
ch	688	1946	2533	4316
ch	653	1970	2521	4189
ch	607	2008	2509	4029
ch	579	2053	2508	4020
ch	578	2097	2530	4095
hh	658	2134	2582	4052
hh	660	2164	2653	4029
hh	679	2189	2726	4056
hh	662	2212	2785	4060
hh	536	2234	2817	4068
hh	340	2257	2826	4052
iy	315	2282	2830	3938
iy	273	2307	2852	3962
iy	260	2327	2893	3982
iy	244	2339	2921	3953
iy	230	2340	2907	4004
iy	210	2328	2866	4014
iy	212	2305	2826	3957
iy	239	2289	2778	3961
m	247	2272	2672	4065
m	304	1727	2462	4010
m	336	1364	2266	3980
m	344	1290	2264	3966
m	318	1223	2350	3980
m	307	1166	2391	4007
m	306	1128	2359	4017
m	303	1109	2288	4025
m	337	1106	2212	4033
m	374	1115	2145	3994
aa	632	1136	2083	3893
aa	714	1164	2025	3731
aa	788	1196	1975	3648
aa	753	1227	1943	3641
aa	753	1255	1939	3728
aa	742	1274	1954	3653
aa	764	1284	1975	3663
aa	753	1285	1991	3624
aa	774	1281	1996	3602
aa	774	1277	1990	3586
aa	764	1274	1974	3585
aa	774	1274	1952	3487
aa	764	1267	1936	3504
aa	764	1244	1939	3533
aa	764	1199	1955	3599
pcl	742	1139	1877	3702
pcl	699	1078	1615	3709
pcl	269	1031	1494	3669
pcl	312	1005	1550	3683
pcl	400	999	1638	3695
pcl	456	1008	1697	3646
pcl	501	1028	1733	3634
pcl	458	1053	1756	3590
pcl	534	1081	1771	3583
pcl	566	1111	1788	3572
pcl	568	1142	1811	3557
pcl	509	1174	1842	3532
pcl	519	1204	1880	3651
pcl	562	1233	1924	3662
pcl	518	1259	1975	3632
pcl	450	1280	2031	3659
pcl	478	1298	2088	3643
pcl	481	1316	2139	3633
pcl	556	1335	2178	3568
pcl	583	1360	2202	3588
pcl	681	1392	2219	3565
th	744	1434	2240	3675
th	746	1484	2273	3847
th	562	1539	2313	3964
ih	440	1595	2340	3953
ih	468	1651	2345	3963
ih	456	1702	2338	3947
ih	447	1750	2333	3981
ih	434	1796	2339	3973
ih	432	1843	2354	3879
ih	436	1891	2374	3882
ih	426	1941	2388	3853
ih	407	1989	2375	3835
kcl	398	2033	2323	3778
kcl	450	2068	2288	3684
kcl	459	2093	2293	3632
kcl	471	2105	2287	3604
kcl	468	2103	2266	3609
kcl	568	2090	2251	3514
kcl	662	2068	2253	3456
kcl	627	2039	2267	3440
kcl	614	2005	2289	3499
kcl	573	1967	2313	3585
kcl	577	1923	2332	3582
kcl	545	1872	2338	3718
kcl	563	1812	2326	3726
kcl	586	1743	2295	3717
kcl	596	1661	2258	3711
kcl	605	1570	2226	3743
kcl	716	1475	2213	3672
kcl	833	1379	2206	3692
kcl	867	1289	2159	3639
b	836	1209	2055	3647
b	754	1142	1935	3591
b	641	1089	1828	3479
l	638	1054	1736	3725
l	591	1038	1727	3815
l	493	1043	1973	3899
l	525	1064	1983	4020
l	622	1099	1963	4104
l	547	1143	1995	4190
ae	569	1194	2034	4288
ae	579	1248	2061	4335
ae	634	1302	2065	4331
ae	623	1353	2058	4291
ae	680	1398	2054	4258
ae	700	1436	2066	4223
ae	680	1465	2096	4171
ae	655	1491	2125	4131
ae	619	1521	2138	4141
ae	525	1559	2126	4046
ae	480	1613	2107	4034
kcl	465	1680	2095	3935
kcl	389	1752	2096	4052
kcl	379	1817	2099	4215
kcl	417	1868	2097	4193
kcl	379	1902	2096	4200
kcl	390	1918	2099	4162
kcl	390	1916	2107	4141
kcl	418	1897	2118	4159
kcl	412	1863	2131	4207
kcl	401	1824	2141	4197
kcl	401	1792	2148	4164
kcl	422	1775	2150	4086
kcl	412	1748	2147	4014
kcl	412	1664	2139	4008
kcl	422	1478	2125	4076
kcl	412	1207	2104	4088
kcl	422	1012	2077	4172
b	422	907	2043	4164
b	412	856	2058	4108
r	412	840	1841	4099
r	412	854	1765	4063
r	412	893	1543	4019
r	422	954	1532	3994
r	418	1030	1543	3883
r	438	1119	1543	3848
r	471	1214	1554	3788
r	511	1310	1613	3788
r	539	1405	1696	3818
eh	560	1494	1795	3844
eh	575	1575	1925	3848
eh	560	1644	2052	3846
eh	542	1699	2064	3913
eh	500	1742	2117	3986
eh	514	1775	2258	3967
eh	524	1799	2247	3961
eh	533	1816	2247	3993
eh	540	1827	2269	3935
eh	521	1835	2247	3914
eh	539	1840	2247	3857
eh	579	1841	2258	3833
eh	613	1839	2239	3801
eh	565	1835	2258	3831
eh	589	1829	2258	3849
eh	569	1821	2271	3854
eh	584	1812	2258	3867
dcl	499	1802	2258	3882
dcl	396	1791	2269	3871
dcl	444	1781	2423	3866
dcl	501	1770	2385	3781
dcl	544	1761	2422	3730
dcl	574	1752	2492	3801
d	627	1745	2489	3833
d	589	1730	2482	3904
d	524	1766	2354	3932
d	582	1732	2337	3992
d	648	1763	2336	3964
h#	723	1789	2333	3952
h#	656	1752	2329	3859
h#	631	1754	2375	3780
h#	703	1742	2366	3774
h#	707	1743	2364	3772
h#	723	1695	2453	3721
h#	775	1710	2475	3699
h#	845	1680	2532	3645
h#	859	1707	2493	3571
h#	855	1683	2511	3623
h#	861	1622	2590	3660
h#	903	1618	2611	3725
h#	900	1678	2650	3812
h#	854	1795	2676	3874
h#	915	1854	2678	3894
h#	1004	1879	2672	3916
h#	1005	1844	2762	3859
h#	979	1881	2821	3837
h#	1014	1884	2833	3927
h#	992	1916	2870	3934
h#	960	1935	2911	3941
h#	970	1959	2941	3908
h#	942	1971	2969	3995
h#	980	1990	2934	3971
h#	952	1906	2955	3984
h#	993	1876	3075	4031
h#	1019	1833	2971	4068
h#	1046	1914	3017	4030
h#	1031	1982	3027	3977
h#	963	2028	3097	4075
h#	895	1906	3050	4129
h#	882	1874	2947	4082
h#	957	1861	2903	4043
h#	967	1865	2889	4033
h#	911	1836	2897	4003
h#	952	1847	2825	4031
h#	937	1904	2864	4096
h#	848	1826	2828	4082
h#	904	1802	2758	4071
h#	795	1775	2798	4030
