h#	591	1569	2549	3666
h#	676	1549	2539	3672
h#	756	1576	2454	3783
h#	771	1614	2451	3866
h#	735	1609	2505	3819
h#	716	1606	2564	3831
h#	740	1645	2594	3818
h#	792	1700	2567	3806
h#	857	1652	2588	3860
h#	810	1696	2619	3917
h#	782	1774	2597	3980
h#	834	1768	2624	4055
h#	821	1709	2646	4036
h#	870	1627	2617	4044
dh	859	1551	2512	4147
dh	688	1510	2553	4136
dh	481	1520	2498	4182
ax	512	1516	2405	4110
ax	544	1439	2365	4085
ax	536	1390	2365	4019
ax	525	1366	2329	3909
pcl	493	1168	2369	3892
pcl	352	1056	2384	3827
pcl	475	1095	2472	3773
pcl	560	1154	2431	3622
pcl	593	1186	2425	3551
pcl	611	1200	2392	3554
p	591	1203	2432	3565
p	563	1195	2427	3542
p	647	1177	2571	3618
p	717	1153	2583	3618
p	774	1127	2596	3665
p	716	1104	2572	3697
ah	770	1086	2561	3776
ah	699	1078	2529	3760
ah	655	1081	2540	3774
ah	623	1095	2540	3804
ah	623	1110	2496	3858
ah	579	1118	2431	3933
ah	569	1113	2399	4043
ah	569	1095	2323	4192
l	612	1079	2291	4358
l	601	1074	2247	4464
l	612	1077	2236	4529
l	590	1080	2204	4604
l	569	1081	2193	4678
l	558	1079	2236	4715
l	590	1074	2236	4652
s	536	1069	2269	4628
s	514	1068	2301	4600
s	558	1075	2301	4559
s	569	1094	2377	4563
s	634	1124	2370	4551
s	709	1165	2399	4437
s	795	1217	2498	4369
s	807	1279	2462	4281
s	792	1350	2442	4189
s	759	1428	2453	4024
s	714	1509	2455	3872
s	529	1589	2475	3815
ix	482	1665	2492	3776
ix	461	1736	2500	3804
ix	438	1830	2493	3828
ix	390	1976	2469	3927
ng	350	2086	2451	4022
ng	330	2140	2458	4152
ng	316	2171	2435	4205
ng	362	2205	2412	4140
ng	315	2261	2503	4155
ng	334	2321	2592	4119
ng	333	2348	2596	4111
gcl	342	2337	2566	4132
gcl	336	2298	2546	4195
gcl	368	2224	2521	4144
gcl	408	2102	2478	4058
gcl	403	1954	2431	4041
g	529	1777	2398	4129
g	603	1516	2382	4125
g	573	1315	2374	4123
g	503	1220	2367	4067
l	499	1169	2361	3959
l	460	1135	2360	4002
l	439	1112	2369	3971
l	406	1098	2393	3895
l	406	1087	2424	3833
l	406	1078	2448	3788
ow	439	1066	2457	3776
ow	449	1052	2449	3835
ow	471	1038	2428	3870
ow	504	1024	2400	3851
ow	547	1009	2364	3819
ow	547	992	2317	3779
ow	482	972	2263	3746
ow	428	949	2221	3656
ow	428	927	2208	3520
ow	428	916	2218	3551
ow	428	927	2238	3559
ow	439	960	2254	3591
ow	460	1001	2254	3552
ow	460	1032	2238	3589
ax	460	1038	2212	3673
ax	460	1031	2182	3710
ax	471	1064	2150	3584
v	471	1118	2121	3485
v	471	1104	2098	3462
v	439	999	2084	3508
v	384	926	2080	3524
v	420	926	2087	3507
v	511	965	2105	3542
v	564	1014	2135	3594
v	598	1068	2171	3596
ax	476	1122	2211	3721
ax	446	1172	2249	3871
ax	406	1217	2282	3896
s	442	1254	2306	3895
s	443	1287	2322	3988
s	491	1316	2333	4044
s	514	1343	2343	4102
s	574	1371	2358	4258
s	652	1399	2380	4245
s	650	1425	2410	4242
s	648	1447	2443	4221
s	641	1464	2471	4256
s	649	1473	2488	4252
s	674	1477	2487	4282
s	687	1482	2468	4226
s	607	1493	2434	4141
ih	519	1517	2393	4142
ih	504	1556	2349	4061
ih	496	1605	2304	3889
ih	471	1656	2258	3684
ih	456	1703	2211	3603
ih	456	1738	2162	3611
gcl	434	1792	2113	3646
gcl	428	1803	2065	3655
gcl	430	1782	2019	3662
gcl	458	1738	1973	3690
gcl	430	1587	1921	3705
axr	460	1532	1861	3632
axr	471	1468	1786	3545
axr	460	1294	1692	3439
axr	499	1153	1583	3475
r	406	1067	1484	3532
r	395	991	1422	3559
r	363	950	1395	3510
r	363	980	1394	3378
r	374	1036	1413	3279
r	374	1051	1453	3281
r	428	1109	1516	3257
eh	471	1191	1600	3294
eh	536	1269	1696	3380
eh	601	1351	1794	3443
eh	644	1397	1884	3530
eh	677	1418	1963	3628
eh	677	1459	2026	3711
eh	644	1527	2071	3696
eh	587	1552	2104	3719
eh	601	1549	2129	3830
eh	558	1643	2153	3862
eh	558	1632	2178	3876
eh	569	1561	2205	3940
tcl	566	1598	2234	4001
tcl	580	1695	2264	4029
tcl	592	1694	2297	4023
tcl	613	1613	2329	4029
tcl	675	1620	2360	4082
tcl	788	1654	2387	4077
tcl	878	1689	2408	4045
tcl	869	1751	2422	4017
t	987	1767	2427	4024
t	879	1847	2423	3980
t	887	1934	2410	3917
t	901	1901	2386	3988
t	868	1749	2352	3909
t	783	1753	2285	3857
t	695	1761	2242	3812
t	695	1716	2242	3827
h#	666	1720	2274	3894
h#	697	1687	2308	3924
h#	691	1615	2321	3896
h#	731	1626	2312	3923
h#	792	1627	2385	3967
h#	806	1696	2443	4018
h#	723	1771	2510	4064
h#	738	1746	2606	4030
h#	782	1663	2647	4066
