h#	549	1504	2499	3645
h#	650	1425	2388	3632
h#	732	1453	2459	3699
h#	726	1484	2407	3710
h#	546	1515	2422	3764
h#	469	1542	2434	3750
h#	469	1562	2442	3715
h#	409	1572	2447	3742
h#	329	1566	2450	3746
h#	295	1543	2451	3781
h#	276	1505	2451	3867
h#	287	1469	2450	3816
h#	329	1457	2450	3805
dh	503	1487	2449	3854
dh	517	1575	2450	3998
eh	499	1680	2452	3996
eh	500	1731	2443	3820
eh	500	1719	2404	3732
eh	522	1677	2317	3643
eh	536	1622	2181	3533
eh	556	1562	2042	3413
r	580	1503	1939	3298
r	610	1451	1867	3242
r	557	1407	1819	3251
pcl	496	1374	1786	3332
pcl	411	1351	1763	3399
pcl	481	1339	1749	3462
pcl	538	1331	1740	3509
pcl	572	1321	1734	3436
pcl	574	1301	1726	3459
pcl	669	1270	1713	3461
pcl	650	1233	1694	3501
pcl	650	1194	1669	3543
p	697	1157	1646	3529
p	771	1130	1630	3555
p	851	1118	1629	3591
p	838	1125	1643	3645
p	796	1148	1670	3756
p	825	1180	1707	3806
p	860	1214	1751	3842
p	703	1244	1797	3795
r	688	1267	1842	3722
r	718	1278	1881	3637
aa	722	1277	1912	3592
aa	708	1267	1932	3587
aa	709	1252	1941	3546
aa	784	1236	1938	3491
aa	751	1222	1926	3417
aa	731	1210	1910	3366
aa	707	1197	1896	3306
aa	734	1183	1883	3326
aa	649	1175	1873	3372
pcl	614	1182	1863	3609
pcl	525	1212	1854	3766
pcl	453	1263	1848	3697
p	397	1321	1849	3624
p	353	1372	1861	3565
s	321	1400	1887	3654
s	299	1402	1921	3765
s	283	1388	1953	3776
s	273	1366	1975	3736
s	266	1346	1979	3684
s	259	1334	1965	3643
s	252	1325	1944	3582
s	243	1316	1931	3586
s	236	1301	1938	3564
pau	232	1279	1967	3696
pau	233	1244	1948	3778
pau	243	1196	1787	3766
pau	263	1135	1565	3800
pau	293	1065	1463	3915
pau	329	998	1434	3917
pau	366	947	1415	3859
w	399	922	1396	3752
w	426	931	1390	3685
axr	444	980	1411	3686
axr	452	1066	1451	3680
axr	450	1167	1500	3651
axr	438	1259	1546	3608
axr	418	1328	1600	3586
axr	389	1380	1681	3658
tcl	355	1422	1803	3747
tcl	320	1461	1934	3830
tcl	286	1502	2041	3856
tcl	256	1549	2127	3803
tcl	233	1609	2198	3766
tcl	218	1684	2263	3712
tcl	214	1766	2320	3743
tcl	224	1838	2368	3731
tcl	242	1891	2404	3657
t	264	1926	2426	3566
t	283	1944	2433	3526
t	294	1947	2426	3554
t	290	1939	2407	3582
t	274	1919	2377	3678
t	253	1892	2338	3681
t	231	1857	2294	3625
t	216	1819	2247	3659
t	213	1778	2202	3687
uw	228	1735	2165	3655
uw	259	1692	2141	3711
uw	299	1649	2137	3714
uw	340	1605	2149	3818
uw	377	1560	2169	3868
uw	403	1515	2188	3874
uw	419	1470	2204	3823
uw	426	1427	2218	3814
uw	425	1385	2230	3884
uw	417	1346	2243	3824
uw	403	1310	2256	3715
uw	385	1278	2271	3816
uw	363	1246	2284	3936
uw	340	1212	2293	3932
uw	316	1173	2294	3974
uw	293	1131	2289	4030
uw	272	1091	2287	3949
uw	252	1059	2295	3826
uw	235	1041	2317	3749
uw	219	1042	2351	3734
uw	204	1064	2390	3770
s	190	1105	2430	3675
s	176	1163	2465	3689
s	163	1236	2491	3700
s	152	1318	2502	3720
s	143	1397	2504	3629
s	137	1462	2499	3646
s	135	1509	2493	3632
s	137	1543	2490	3500
s	145	1568	2493	3464
s	157	1588	2499	3601
s	173	1607	2500	3535
tcl	192	1625	2491	3477
tcl	212	1641	2468	3505
tcl	233	1654	2434	3575
tcl	254	1663	2395	3672
t	273	1667	2356	3631
t	293	1664	2319	3740
eh	315	1656	2286	3766
eh	340	1640	2255	3778
eh	370	1617	2227	3759
eh	406	1588	2202	3757
eh	446	1557	2179	3755
eh	488	1526	2157	3738
eh	529	1500	2136	3709
eh	565	1478	2112	3711
eh	594	1452	2082	3660
eh	613	1416	2043	3594
eh	620	1368	1997	3590
pcl	611	1312	1948	3704
pcl	584	1254	1901	3692
pcl	544	1195	1859	3685
pcl	499	1136	1827	3667
pcl	457	1078	1809	3643
pcl	424	1024	1801	3619
p	401	981	1802	3696
p	383	954	1808	3750
p	369	944	1817	3706
p	355	950	1824	3713
l	337	967	1826	3757
l	315	992	1821	3860
l	293	1017	1812	3895
l	277	1037	1811	3943
l	278	1044	1833	4008
l	301	1045	1882	4039
l	354	1053	1945	4121
ae	444	1079	2007	4200
ae	555	1135	2053	4359
ae	662	1223	2082	4528
ae	740	1322	2097	4665
ae	777	1412	2103	4703
ae	782	1473	2102	4705
ae	769	1504	2099	4714
ae	753	1515	2097	4735
ae	736	1513	2097	4748
ae	720	1509	2098	4741
ae	704	1508	2099	4728
ae	688	1509	2101	4696
ae	672	1511	2102	4687
ae	657	1512	2103	4687
dx	642	1509	2102	4705
dx	628	1502	2099	4664
axr	614	1492	2095	4601
axr	601	1477	2086	4540
axr	588	1458	2072	4504
axr	575	1437	2048	4476
axr	564	1418	2014	4497
axr	552	1401	1969	4482
axr	542	1391	1920	4482
axr	532	1389	1874	4492
axr	522	1394	1836	4490
axr	513	1403	1805	4479
axr	505	1414	1782	4496
axr	498	1427	1767	4381
axr	491	1438	1755	4343
axr	486	1447	1744	4243
axr	481	1456	1732	4245
axr	477	1463	1726	4262
axr	473	1471	1735	4273
axr	471	1479	1766	4175
z	470	1487	1818	4047
z	469	1494	1882	3960
z	470	1501	1950	3955
z	471	1506	2013	4025
z	474	1510	2066	4087
z	478	1512	2110	4150
z	482	1511	2144	4078
z	488	1508	2168	4148
pau	495	1502	2183	4095
pau	503	1493	2190	3994
pau	513	1483	2190	3937
pau	523	1471	2186	3995
pau	535	1458	2180	4036
pau	548	1447	2174	4049
pau	559	1441	2168	3952
ax	569	1443	2165	3823
ax	574	1457	2164	3769
ax	575	1485	2166	3837
ax	569	1524	2172	3856
ax	556	1561	2181	3801
ax	537	1585	2195	3681
ax	515	1584	2213	3638
ax	492	1563	2236	3675
tcl	470	1543	2263	3612
tcl	449	1548	2294	3654
tcl	430	1602	2329	3646
tcl	411	1726	2368	3591
tcl	393	1887	2412	3589
tcl	375	1995	2457	3535
ch	357	2045	2502	3550
ch	339	2058	2544	3534
ch	321	2058	2582	3678
ch	305	2050	2612	3706
ch	289	2036	2634	3830
ch	275	2019	2645	3891
ch	262	2001	2646	3926
ch	252	1983	2635	3926
ch	244	1968	2616	3831
ch	241	1955	2589	3823
ch	246	1944	2558	3814
ch	261	1934	2525	3831
eh	285	1926	2490	3832
eh	316	1918	2457	3862
eh	351	1911	2426	3804
eh	387	1904	2398	3748
eh	421	1895	2376	3699
eh	451	1886	2361	3638
eh	477	1874	2349	3588
eh	499	1860	2336	3605
eh	517	1842	2316	3583
eh	532	1819	2285	3554
eh	545	1792	2240	3514
eh	554	1759	2186	3463
eh	561	1722	2129	3411
eh	566	1681	2073	3364
er	569	1640	2023	3351
er	570	1599	1981	3366
er	570	1561	1944	3397
er	569	1527	1911	3399
er	568	1495	1881	3374
er	567	1467	1854	3318
er	566	1442	1828	3265
er	566	1421	1804	3245
er	567	1404	1780	3268
er	569	1390	1757	3260
er	573	1380	1736	3239
er	579	1376	1719	3208
er	585	1377	1709	3254
er	592	1387	1706	3245
er	598	1405	1713	3306
q	604	1431	1730	3405
q	607	1463	1760	3445
q	609	1499	1803	3410
q	609	1536	1861	3329
q	605	1574	1928	3412
q	599	1609	1995	3372
q	591	1641	2054	3365
q	583	1668	2102	3431
ae	575	1689	2143	3388
ae	568	1702	2181	3441
ae	564	1708	2219	3470
ae	561	1704	2258	3479
ae	561	1690	2295	3520
ae	563	1664	2324	3551
ae	567	1625	2341	3540
ae	573	1574	2344	3580
n	580	1515	2336	3615
n	590	1457	2322	3679
n	602	1405	2303	3714
n	615	1362	2284	3696
n	630	1329	2264	3581
ax	646	1303	2242	3586
ax	662	1285	2215	3576
ax	678	1275	2181	3558
ax	694	1269	2138	3507
ax	706	1266	2083	3463
ax	710	1261	2018	3468
ax	699	1248	1944	3493
pcl	670	1225	1868	3559
pcl	622	1186	1806	3635
pcl	565	1128	1774	3633
pcl	506	1059	1772	3627
pcl	454	1002	1784	3665
pcl	415	978	1796	3611
pcl	389	983	1812	3546
pcl	374	1010	1835	3470
pcl	369	1051	1867	3541
pcl	370	1098	1903	3511
p	375	1144	1939	3535
p	382	1181	1968	3446
p	387	1203	1986	3543
p	386	1207	1991	3563
p	375	1198	1989	3518
p	352	1179	1983	3502
p	325	1154	1979	3473
p	308	1127	1979	3455
p	313	1101	1983	3534
p	352	1081	1991	3601
aa	425	1069	2001	3701
aa	515	1066	2014	3751
aa	602	1070	2029	3805
aa	669	1078	2045	3891
aa	695	1089	2063	3939
aa	661	1101	2081	4038
aa	655	1112	2099	4064
aa	666	1120	2117	4139
aa	666	1124	2134	4195
aa	644	1126	2150	4297
aa	644	1125	2164	4389
aa	655	1123	2177	4515
aa	634	1120	2189	4629
aa	644	1117	2201	4674
aa	644	1114	2211	4673
aa	634	1113	2221	4586
aa	634	1112	2230	4506
aa	623	1112	2239	4510
aa	601	1114	2248	4452
aa	590	1117	2257	4372
aa	591	1121	2265	4388
m	566	1126	2274	4430
m	558	1131	2281	4448
m	501	1134	2288	4321
m	493	1134	2293	4212
m	436	1130	2297	4195
m	413	1122	2299	4218
m	401	1107	2298	4160
m	407	1090	2296	4139
m	408	1078	2290	4124
f	508	1075	2284	4173
f	557	1089	2280	4223
f	550	1125	2280	4256
f	597	1183	2289	4223
f	636	1248	2307	4159
f	681	1301	2330	4198
f	732	1324	2345	4145
f	806	1319	2342	4109
f	899	1297	2309	4036
f	842	1272	2249	3980
f	773	1253	2173	3928
f	722	1242	2090	3922
f	741	1236	2013	3799
f	692	1236	1958	3633
ae	645	1248	1942	3524
ae	601	1286	1973	3504
ae	601	1363	2031	3542
ae	685	1470	2093	3669
ae	666	1583	2149	3643
ae	691	1675	2199	3642
ae	709	1740	2243	3631
ae	742	1782	2282	3601
ae	764	1808	2318	3578
ae	774	1824	2350	3609
ae	753	1834	2379	3585
ae	774	1841	2400	3597
ae	774	1843	2412	3583
ae	774	1841	2412	3591
ae	764	1834	2397	3612
ae	753	1824	2372	3589
ae	753	1809	2339	3571
ae	731	1790	2304	3533
ae	731	1766	2271	3523
ae	731	1738	2243	3558
ae	709	1706	2222	3654
ae	709	1668	2208	3690
ae	699	1627	2200	3724
ae	677	1584	2196	3726
ae	655	1542	2197	3723
n	644	1504	2201	3737
n	612	1473	2207	3792
n	612	1451	2215	3845
h#	579	1438	2224	3824
h#	536	1434	2234	3778
h#	417	1437	2245	3776
h#	314	1446	2259	3795
h#	249	1460	2275	3834
h#	306	1478	2294	3867
h#	490	1500	2317	4012
h#	572	1523	2344	4133
h#	641	1548	2376	4188
h#	670	1573	2413	4079
h#	663	1597	2455	3960
h#	702	1607	2504	3906
h#	650	1626	2559	3886
h#	687	1571	2549	3819
h#	753	1611	2567	3805
h#	809	1699	2635	3857
h#	857	1704	2672	3826
h#	849	1785	2624	3786
h#	896	1842	2619	3840
