h#	557	1629	2360	3506
h#	630	1557	2375	3510
h#	671	1566	2393	3505
h#	750	1604	2456	3541
h#	779	1653	2479	3536
h#	792	1664	2559	3581
h#	746	1675	2621	3578
h#	735	1672	2619	3580
h#	740	1655	2646	3596
h#	735	1592	2642	3622
h#	775	1580	2672	3721
h#	849	1545	2696	3871
h#	894	1648	2753	3945
h#	995	1728	2898	3875
h#	973	1809	3004	3804
h#	980	1899	3015	3831
h#	902	1962	3060	3822
h#	950	1944	2970	3904
h#	937	1977	2810	3909
h#	875	1933	2712	3932
h#	782	1857	2637	3913
h#	647	1662	2598	3933
w	625	1013	2510	3875
w	482	807	2417	3859
w	449	720	2337	3811
w	384	720	2319	3826
w	363	753	2264	3826
w	363	872	2235	3802
w	428	980	2312	3831
uh	406	1023	2312	3794
uh	439	1056	2323	3808
uh	460	1078	2345	3777
uh	471	1099	2258	3741
uh	504	1099	2193	3674
uh	536	1078	2117	3631
l	525	1045	2074	3649
l	493	980	2031	3646
l	482	969	2009	3663
l	428	937	1987	3641
l	417	904	1998	3613
l	384	904	2020	3724
l	436	904	1960	3697
r	395	872	1949	3689
r	395	818	2153	3751
r	395	829	2163	3778
r	417	796	2171	3774
r	406	785	2187	3755
r	406	807	2277	3873
r	406	872	2231	3980
r	374	926	2155	4139
aa	439	1013	1646	4242
aa	482	1023	1679	4391
aa	514	1143	1765	4456
aa	601	1197	1841	4455
aa	666	1240	1949	4443
aa	677	1251	1969	4490
aa	677	1262	1982	4586
aa	688	1273	2014	4648
aa	699	1283	2010	4737
aa	699	1273	2024	4779
aa	666	1216	2014	4807
aa	677	1273	2025	4781
aa	666	1240	2025	4747
aa	666	1197	2004	4679
aa	655	1186	1993	4561
bcl	623	1143	2004	4490
bcl	374	1237	2397	4396
bcl	337	1232	2434	4379
bcl	346	1371	2497	4333
bcl	397	1445	2522	4432
b	501	1495	2428	4554
b	498	1392	2380	4462
ix	525	1413	2278	4342
ix	542	1522	2356	4251
ix	525	1587	2369	4147
ix	525	1706	2515	4149
n	514	1738	2535	4123
n	395	1650	2474	4188
n	343	1672	2432	4201
n	338	1605	2412	4230
n	345	1533	2390	4191
n	409	1486	2363	4309
n	457	1459	2299	4221
w	374	1208	2269	4307
w	330	948	2188	4359
w	309	850	2285	4400
w	309	796	2368	4347
w	309	764	2383	4304
w	309	720	2394	4264
w	357	699	2307	4216
w	330	699	2253	4135
w	341	720	2231	3993
w	431	733	2188	3818
w	417	753	2101	3751
w	384	829	2064	3707
eh	363	894	1933	3640
eh	471	980	1841	3606
eh	525	1034	1819	3704
eh	579	1218	1863	3748
eh	590	1283	1874	3852
eh	623	1316	1906	3920
eh	601	1403	1928	3945
eh	601	1424	1949	3903
eh	601	1424	1960	3922
er	590	1403	1949	3931
er	601	1381	1906	3918
er	579	1348	1852	4023
er	579	1316	1830	4123
er	569	1327	1819	4187
er	547	1305	1798	4285
er	558	1273	1776	4374
er	579	1262	1776	4425
er	612	1251	1700	4487
er	612	1262	1711	4506
er	634	1251	1711	4528
er	623	1240	1711	4550
er	628	1262	1711	4514
er	601	1283	1684	4498
q	579	1327	1654	4431
q	597	1381	1662	4408
q	569	1424	1727	4317
q	558	1478	1749	4195
q	536	1576	1803	4122
q	558	1587	1836	4066
q	569	1641	1890	3977
ey	591	1684	1944	3892
ey	547	1684	1998	3844
ey	551	1717	2128	3784
ey	522	1782	2171	3751
ey	498	1803	2247	3760
ey	508	1890	2321	3807
ey	492	1977	2377	3848
ey	454	2042	2442	3891
ey	428	2100	2540	3970
ey	359	2193	2616	3916
y	276	2228	2681	4059
y	262	2250	2778	4129
y	265	2314	3030	4168
y	297	2314	3042	4178
y	330	2317	3039	4197
y	319	2262	3022	4199
y	297	2287	2952	4186
y	244	2251	2949	4215
y	271	2233	2905	4183
y	222	2201	2951	4151
y	244	2069	2886	4142
y	319	2117	2745	3984
eh	352	2031	2616	3776
eh	482	1868	2561	3710
eh	590	1749	2399	3708
eh	646	1662	2356	3719
eh	702	1457	2204	3684
eh	699	1424	2150	3728
eh	690	1316	2117	3771
eh	662	1229	2117	3738
eh	666	1164	2175	3770
l	621	1143	2177	3719
l	579	1099	2218	3714
l	574	1088	2245	3731
l	580	1078	2255	3690
l	582	1078	2253	3762
l	585	1078	2279	3776
l	564	1056	2312	3868
l	535	1045	2345	3874
l	553	1023	2356	3793
ow	553	1002	2388	3829
ow	553	1002	2421	3890
ow	547	991	2410	3985
ow	541	980	2356	4074
ow	553	958	2343	4110
ow	545	969	2362	4152
ow	549	948	2319	4211
ow	538	937	2381	4173
l	535	926	2370	4097
l	490	930	2308	4013
l	430	948	2303	3935
l	415	948	2316	3856
l	421	958	2351	3878
l	418	1013	2319	3983
l	391	1078	2322	4040
l	387	1121	2338	4056
l	383	1175	2382	4023
l	353	1218	2431	4015
l	387	1283	2404	3943
ih	492	1370	2399	3941
ih	471	1397	2345	3979
ih	482	1424	2329	3909
ih	514	1522	2341	3890
ih	525	1511	2354	3830
ih	568	1500	2377	3778
ih	574	1468	2366	3732
ih	599	1348	2388	3684
ih	628	1273	2388	3661
ih	626	1218	2345	3590
l	588	1121	2280	3590
l	547	1045	2258	3656
l	449	1013	2204	3696
l	384	948	2117	3751
l	374	883	2096	3746
l	363	883	2171	3742
l	352	980	2085	3673
iy	374	1034	2150	3611
iy	493	1056	2161	3646
iy	565	1273	2269	3679
iy	590	1403	2301	3750
iy	530	1489	2359	3682
iy	529	1576	2358	3702
iy	460	1706	2345	3723
iy	452	1782	2453	3769
h#	398	1890	2474	3803
h#	453	1955	2526	3762
h#	448	2020	2491	3736
h#	437	2074	2501	3700
h#	444	2139	2595	3810
h#	444	2204	2561	3817
h#	370	2226	2576	3814
h#	418	2236	2609	3780
h#	556	2247	2684	3757
h#	506	2247	2705	3718
h#	474	2215	2712	3794
h#	558	2226	2782	3786
h#	644	2204	2766	3728
h#	629	2182	2675	3695
h#	670	2162	2579	3613
h#	754	2159	2519	3581
h#	719	2089	2577	3587
h#	646	2007	2543	3666
h#	719	1985	2508	3674
h#	779	1943	2489	3708
h#	731	1859	2473	3774
h#	710	1789	2448	3766
